EH2KJMOL : 2625.499639
EH2KCAL : 627.509474
CAL2J : 4.184
BOHR2METER : 0.52917721092e-10
BOHR2ANGSTROM : 0.52917721092
ANGSTROM2BOHR : 1.8897259886
AMU : 1.6605390666e-27
WAVENUMBERS2KJMOL : 0.011962656563869701
SIGN_INV_THR : 100 # cm-1, threshold for sign inversion of imaginary frequencies
